14
MH201322.1 0.0000000 0.1346452 0.1885103 0.1381414 0.1534294 0.1511070 0.1768018 0.1500753 0.1867805 0.1678597 0.1890196 0.1869933 0.1435530 0.1838128 
AB196667.1 0.1346452 0.0000000 0.0598075 0.0240772 0.0533169 0.0367813 0.0396582 0.0171505 0.0581482 0.0889858 0.0462389 0.0532066 0.0085621 0.0406568 
MK633876.1 0.1885103 0.0598075 0.0000000 0.0546505 0.0719853 0.0348259 0.0792905 0.0663617 0.1407916 0.1125298 0.0849310 0.0605975 0.0650264 0.0747390 
KT364257.1 0.1381414 0.0240772 0.0546505 0.0000000 0.0723676 0.0441933 0.0429606 0.0220322 0.0694013 0.0979221 0.0500225 0.0689678 0.0290603 0.0566135 
JX488684.2 0.1534294 0.0533169 0.0719853 0.0723676 0.0000000 0.0483606 0.0831231 0.0651237 0.1338665 0.1150754 0.0803178 0.0790348 0.0572044 0.0506089 
AB695088.1 0.1511070 0.0367813 0.0348259 0.0441933 0.0483606 0.0000000 0.0577805 0.0492004 0.0845715 0.0952649 0.0652039 0.0205341 0.0443229 0.0411818 
LN879492.1 0.1768018 0.0396582 0.0792905 0.0429606 0.0831231 0.0577805 0.0000000 0.0287682 0.0000010 0.1031733 0.0161746 0.0869625 0.0400937 0.0636104 
KC878324.1 0.1500753 0.0171505 0.0663617 0.0220322 0.0651237 0.0492004 0.0287682 0.0000000 0.0432712 0.1042655 0.0364774 0.0790534 0.0151493 0.0529406 
OQ618154.1 0.1867805 0.0581482 0.1407916 0.0694013 0.1338665 0.0845715 0.0000010 0.0432712 0.0000000 0.1066065 0.0153861 0.0797100 0.0547925 0.0748900 
KX780138.1 0.1678597 0.0889858 0.1125298 0.0979221 0.1150754 0.0952649 0.1031733 0.1042655 0.1066065 0.0000000 0.1060223 0.1101853 0.0962825 0.0879944 
LN875493.1 0.1890196 0.0462389 0.0849310 0.0500225 0.0803178 0.0652039 0.0161746 0.0364774 0.0153861 0.1060223 0.0000000 0.1062163 0.0455322 0.0637083 
KJ372452.1 0.1869933 0.0532066 0.0605975 0.0689678 0.0790348 0.0205341 0.0869625 0.0790534 0.0797100 0.1101853 0.1062163 0.0000000 0.0639369 0.0603649 
LN626318.1 0.1435530 0.0085621 0.0650264 0.0290603 0.0572044 0.0443229 0.0400937 0.0151493 0.0547925 0.0962825 0.0455322 0.0639369 0.0000000 0.0486920 
JX488685.1 0.1838128 0.0406568 0.0747390 0.0566135 0.0506089 0.0411818 0.0636104 0.0529406 0.0748900 0.0879944 0.0637083 0.0603649 0.0486920 0.0000000 
