117
NZ_JAHHPQ010000817.1 0.0000000 3.9878462 3.8546664 3.2476864 2.3625214 3.4070304 9.0000000 2.0716565 2.6461549 2.8640232 3.0233346 2.1653406 1.6741431 5.2484066 9.0000000 1.0879884 1.5717671 1.4634773 3.3284980 1.8208936 1.6129263 1.9695879 9.0000000 3.0337044 5.0073324 1.6966254 3.2920943 5.7705274 3.4722817 8.9999982 9.0000000 3.1456732 2.3956638 3.0093145 3.0603331 2.6657995 3.0233346 0.9297681 1.8334663 2.0662395 9.0000000 2.3518584 9.0000000 1.4738859 2.4874120 3.0380617 3.0233857 1.3209829 3.3167046 1.5132937 1.9679595 3.2864370 2.2043367 1.9808976 2.9346743 2.2317592 2.5740242 3.1876574 4.9700899 1.5642811 2.8242596 1.7244628 9.0000000 3.0899896 3.1101072 0.8783544 2.4405987 1.5348520 1.2205118 2.1641788 3.3689685 2.7839554 9.0000000 3.9723675 2.9156976 1.4676144 2.5652657 2.4187423 1.9520051 4.2142881 2.2509192 1.7456926 1.9125087 3.2373216 2.2094831 2.2884335 8.9999989 2.2463548 2.4066682 1.2553944 2.9296367 2.5087950 2.1803732 2.9193249 3.4722817 1.6977891 3.3689685 1.8019713 1.9357568 2.2575066 1.5425057 1.9528091 2.1242269 4.0305689 9.0000000 3.8822537 9.0000000 2.4028598 1.9880930 9.0000000 1.9140621 2.7257351 3.3704026 2.1759350 2.2705388 3.7086875 9.0000000 
NZ_JOKG01000016.1    3.9878462 0.0000000 1.9385454 1.9837271 4.0584074 2.4195149 3.0050838 8.9999981 2.5235677 2.8223672 2.3387961 2.7267744 9.0000000 2.4930890 2.6702422 2.5880316 3.8263562 2.9856154 2.9420796 2.4928005 4.3360931 8.9999987 3.3534756 1.6856285 2.4487074 3.5211293 8.9999989 8.9999989 2.2146361 0.8889757 1.4099331 3.0923639 4.4492652 9.0000000 9.0000000 4.4050593 2.3387961 2.9526173 3.6115647 9.0000000 2.4467665 2.7403254 3.0767978 2.5244897 3.8567716 4.0241781 3.2866985 9.0000000 4.5260376 9.0000000 4.8214200 4.8893910 2.5796592 9.0000000 2.7740229 3.1094759 9.0000000 2.5286770 9.0000000 3.0800143 3.0955639 2.3830953 1.9944703 9.0000000 3.2362180 2.7491707 9.0000000 2.4075901 2.7702708 2.6593908 2.0065710 9.0000000 2.6704843 5.9260203 9.0000000 3.1908728 4.0101547 2.4600412 5.2629196 2.0524826 3.3780054 2.8441021 9.0000000 3.8960233 4.7783424 9.0000000 2.8034848 3.9253749 3.0361197 3.3420002 2.7537629 3.4393612 3.3452846 2.7947776 2.2146361 3.1804086 2.0065710 3.4396944 9.0000000 8.9999988 2.5827525 2.4166778 4.6922728 3.3527286 3.2470597 8.9999982 2.8307044 2.5624531 9.0000000 2.4140789 3.3006339 8.9999984 2.6262853 9.0000000 3.0180562 1.8148161 2.4484650 
NZ_JAHHPP010000407.1 3.8546664 1.9385454 0.0000000 0.9385510 2.8628738 1.5090068 2.9062191 2.4355573 2.5678500 2.9167401 1.6834618 2.2335838 9.0000000 1.8986795 2.3140302 3.2010781 2.9183631 2.3671647 2.3120533 2.3307871 2.6705003 3.7714660 2.8350793 1.4619561 2.2206641 4.4147931 2.7280176 3.0688454 1.9111296 1.1694531 1.7972614 3.1011842 2.5829715 2.3303613 9.0000000 2.6019702 1.6834618 3.0648614 2.4416807 2.9331949 2.1034897 4.5172698 2.7164032 2.2484561 3.8817848 3.0950240 5.5338941 9.0000000 3.0780347 2.7361078 3.7452457 3.0565266 9.0000000 2.4087206 2.8513326 2.7377253 2.3166032 2.1607110 2.6452810 2.6948964 2.5276593 2.6985039 0.1947684 3.9099244 2.6313260 3.3510787 3.1115969 2.2066664 2.0259545 2.9823194 2.2126067 2.2529102 2.0916872 3.8584743 3.3406780 2.3941388 4.0107952 2.3940020 9.0000000 2.5441072 2.7218577 2.4287794 1.9970372 9.0000000 3.5325007 3.1310962 2.2022347 1.9412895 2.4636016 2.2827101 2.3759069 5.9419461 3.9175000 2.2467442 1.9111296 2.3414623 2.2126067 3.9557846 2.4417762 3.6558163 2.1504199 4.3925678 9.0000000 2.5858442 2.1093743 3.4936197 2.2007054 2.2890872 3.2579031 1.5580078 2.7249112 9.0000000 2.1659307 9.0000000 2.5662684 1.5765707 2.2137302 
NZ_JAHHPO010001215.1 3.2476864 1.9837271 0.9385510 0.0000000 3.3034059 1.2175612 2.7137941 2.7665536 2.9077611 2.8633286 1.8654919 2.4275370 9.0000000 2.2061388 2.4782036 3.5852323 3.1778148 9.0000000 2.7299236 3.0027688 3.8869361 2.8771579 2.9196648 1.7428625 2.6769799 3.2077196 2.9833242 2.8602685 1.8669107 1.5355662 1.8011758 3.6520663 3.4866264 2.4639300 9.0000000 3.0550369 1.8654919 2.9821510 2.7028297 9.0000000 2.0777387 9.0000000 2.3319583 2.3290155 3.9765537 3.1443326 9.0000000 9.0000000 9.0000000 2.7448209 3.0973189 2.9552436 9.0000000 3.1335757 3.3465025 3.5357858 9.0000000 2.0618845 9.0000000 3.5283684 4.6851536 9.0000000 1.0557585 2.9709643 4.3780223 2.8109318 3.0400987 2.4591084 2.5787381 9.0000000 2.2142988 9.0000000 2.9019204 2.5098808 9.0000000 2.5073171 3.3079959 3.0294175 9.0000000 2.2701052 2.6814413 2.5682922 2.1017589 3.6062578 4.8326352 9.0000000 2.7887801 2.6854531 2.6837035 2.7485189 2.6643930 2.7959685 7.8818721 2.4006667 1.8669107 2.4085087 2.2142988 3.0770403 9.0000000 9.0000000 2.4146887 9.0000000 9.0000000 2.5764911 2.4766420 3.5543403 2.5836309 2.4622464 3.8199212 0.8601355 3.1060214 4.2159986 2.2273087 3.2584087 2.7694955 1.3383217 2.1387385 
NZ_JAGHQU010000027.1 2.3625214 4.0584074 2.8628738 3.3034059 0.0000000 4.9400511 3.7520682 2.9340644 9.0000000 9.0000000 4.6728974 3.2535411 1.9237927 2.7586111 2.1738924 2.1583091 1.8644323 2.0217459 3.7219691 1.8643650 2.3914741 2.9496830 4.0816046 3.1120013 9.0000000 1.9000562 3.3830930 9.0000000 3.0769445 9.0000000 2.8353211 9.0000000 3.3017605 3.3400569 2.4022158 9.0000000 4.6728974 3.0138210 0.9406531 2.3017723 4.6288819 2.0326461 3.6403206 2.1523978 3.0627620 9.0000000 4.6699092 9.0000000 2.6671498 1.8682141 1.7502538 9.0000000 1.6263176 3.1546190 9.0000000 2.2671747 3.1749014 4.6374205 2.8408407 1.5881382 4.5823188 2.1427210 4.3828574 9.0000000 2.9066647 1.9435924 3.0756053 2.1019383 1.6393482 3.5525469 3.7016373 2.7304813 4.0168902 9.0000000 9.0000000 2.0773329 2.2606457 3.6329784 1.6492495 2.3929503 2.2649788 1.9378285 0.9632339 3.0984127 2.2696591 3.3982397 9.0000000 1.8219626 8.9999989 1.3742190 9.0000000 2.5668627 3.7520304 4.1161958 3.0769445 9.0000000 3.7016373 3.7279041 3.1066658 2.1520712 2.1276785 2.4265924 2.0450539 3.3820403 9.0000000 9.0000000 9.0000000 3.0349113 2.5467617 3.4185146 2.1931699 4.2618430 3.6540435 3.1207987 2.8282407 4.4284655 2.2528924 
NZ_JAHHPQ010000813.1 3.4070304 2.4195149 1.5090068 1.2175612 4.9400511 0.0000000 2.4010331 2.0594062 9.0000000 2.9555694 1.7436538 3.1538172 1.9090424 1.8008806 2.1034536 1.9540375 2.2988895 1.5073789 2.2150715 1.4693180 2.2990441 2.1614894 2.3777381 1.9626298 2.5125909 2.7795178 3.5101365 2.2494057 1.8141236 1.8128966 2.2907565 9.0000000 2.6382980 9.0000000 2.6369518 3.9877447 1.7436538 1.5201844 3.2391816 2.4546604 2.1418472 2.1659730 1.7195060 1.9840185 2.8037014 9.0000000 1.7077536 2.5891356 2.7297526 2.5245007 2.7241869 3.1075659 2.6434022 9.0000000 2.3035513 2.6109620 9.0000000 2.1451841 3.2090688 2.8862767 2.2925512 9.0000000 1.5260591 2.2217874 3.8289760 2.3038753 2.2248029 2.1021046 1.8318186 2.5484193 1.2291454 2.2338838 2.9157289 2.6143791 9.0000000 2.0274229 2.6698477 1.5844733 2.8875031 2.5687229 2.2926656 2.1636777 9.0000000 2.7519578 9.0000000 4.1007930 2.2157753 1.1201748 3.2973055 2.0151904 2.7565825 2.4153930 9.0000000 2.3827967 1.8141236 2.0817908 1.2291454 1.6088906 3.7918160 2.1820945 1.9328581 2.0164963 1.8358119 1.9426430 4.2110786 9.0000000 2.0516005 2.0099932 9.0000000 0.3715891 2.2531153 1.7792637 2.0448270 9.0000000 2.6032413 2.3173537 2.4747860 
NZ_JAHHPN010000987.1 9.0000000 3.0050838 2.9062191 2.7137941 3.7520682 2.4010331 0.0000000 9.0000000 2.4929587 2.5888740 1.8163106 9.0000000 3.0339717 2.0722068 1.9224058 9.0000000 9.0000000 2.9846102 2.7528343 2.2932752 9.0000000 2.7090601 1.8882165 2.8337655 2.1809807 4.1941713 3.0703308 2.9625436 0.9302053 2.4474814 2.9883956 1.9109343 3.1006736 2.0355172 4.9710732 3.5190828 1.8163106 5.3725414 9.0000000 3.2600456 2.2590431 3.6923627 2.7880258 2.7873066 9.0000000 3.7497989 9.0000000 3.3548714 9.0000000 3.4610530 2.5481570 3.0339106 9.0000000 3.0719248 3.6905976 9.0000000 2.7809579 1.9814647 3.0020088 2.4128202 4.9844542 9.0000000 3.4450023 3.7490156 3.4088538 2.9626979 6.1709964 2.8437590 2.3520660 3.1295487 1.7426119 3.9675661 1.9859779 2.0861275 2.8890154 2.4773580 3.3638074 9.0000000 2.8677166 1.8484888 2.7316666 3.5920484 9.0000000 9.0000000 2.3736052 3.9434579 2.6107081 1.9061605 2.1079261 2.8700006 2.1546670 8.9999986 9.0000000 2.7041404 0.9302053 2.3031924 1.7426119 2.8018509 5.4560852 2.8533809 2.6805286 2.2740670 4.5751441 1.9065911 1.7913829 3.1654805 2.0764742 1.9096092 2.3904743 3.0717171 2.9210384 9.0000000 2.3515956 9.0000000 3.5362979 2.7031342 2.2420357 
NZ_JAHHPS010000674.1 2.0716565 8.9999981 2.4355573 2.7665536 2.9340644 2.0594062 9.0000000 0.0000000 8.9999989 2.9661579 3.7985004 3.1408410 2.5451700 9.0000000 2.4406727 2.1716822 2.1994485 2.2129091 8.9999989 2.2160500 1.9599168 2.0373713 9.0000000 2.8077939 2.3945620 2.7632426 2.7992329 4.3433507 9.0000000 2.6163119 3.6631341 3.1949517 2.3041476 2.7491355 2.6856074 2.3882077 3.7985004 2.6981466 2.3715286 3.6682392 3.0885353 8.9999990 3.5083137 1.9057803 1.8970717 4.3294167 0.9902947 2.5750414 2.0820190 2.4863734 1.9688193 2.3083225 9.0000000 2.6598387 5.2795591 1.4748207 2.5397854 3.4918459 2.7316158 3.7503013 9.0000000 9.0000000 2.5892672 2.5762160 3.3379700 2.1741568 2.7938414 1.8944536 1.6003213 2.6791986 2.7492048 9.0000000 9.0000000 2.4107697 2.5329790 2.0794940 3.7738448 1.5641120 2.7783755 9.0000000 2.8142015 1.9095415 2.3772581 2.4903922 2.5899753 1.6085548 3.3803768 2.2143179 9.0000000 1.8496236 2.6151113 1.7036555 2.5564324 9.0000000 9.0000000 9.0000000 2.7492048 2.2500626 0.2310748 3.0207126 1.8959124 2.6753172 4.6648255 9.0000000 4.0404826 2.9727008 3.4624204 9.0000000 2.0971839 4.5192833 2.5825486 1.3757146 4.1230282 2.3658273 2.0829944 9.0000000 3.3391325 
NZ_JAHHPS010000684.1 2.6461549 2.5235677 2.5678500 2.9077611 9.0000000 9.0000000 2.4929587 8.9999989 0.0000000 2.6173845 2.0762412 3.2649533 9.0000000 2.2806238 1.9616138 8.9999988 4.6077212 3.1557602 8.9999989 1.7333393 2.2962113 3.3872668 2.5654069 3.2127201 2.6199826 2.7924819 5.5236225 3.5100116 1.4329973 4.1044047 3.0459992 0.3557242 2.3240971 1.3496702 9.0000000 2.2212348 2.0762412 2.4371065 9.0000000 9.0000000 2.1832516 3.2868492 9.0000000 2.2955760 3.2325113 0.9248804 1.8531565 5.0746253 7.2618289 2.5681247 2.9245436 2.8421054 9.0000000 3.5017393 1.1884342 3.3362487 3.6650896 2.5447644 2.7610102 2.3368890 2.6488294 9.0000000 2.4120423 2.6839968 2.6883479 2.4711507 5.1274913 2.3991433 9.0000000 3.5155416 1.9195263 2.8981481 1.9339809 2.9400129 2.5296361 2.0504821 2.5580182 1.9305336 3.7091108 3.2315384 9.0000000 3.2508801 2.2550444 9.0000000 9.0000000 3.1587418 2.5365931 2.1203408 2.8342641 3.7730239 2.9634310 3.4662603 3.0130783 5.1246187 1.4329973 2.4840491 1.9195263 9.0000000 9.0000000 2.4559319 2.1463431 9.0000000 2.6550225 2.5644347 2.0209516 2.2804031 2.3277228 3.1127645 2.7835182 2.6102187 9.0000000 2.8078244 2.6073843 2.6325858 9.0000000 2.1493443 2.6772196 
NZ_SAUT01000282.1    2.8640232 2.8223672 2.9167401 2.8633286 9.0000000 2.9555694 2.5888740 2.9661579 2.6173845 0.0000000 1.0244046 2.2461037 2.6294533 2.3095718 2.2349122 3.3335907 2.3036604 3.9381045 2.6140278 1.7269534 3.9643971 2.7002255 2.2406293 2.2482038 1.8842870 2.2483242 2.3094039 2.1194792 1.4903578 2.2842983 2.9629968 2.2858367 3.2633212 2.1751985 2.9035272 2.5318832 1.0244046 2.1798094 2.9687334 2.9935974 1.7728103 5.6134911 1.9649848 2.3585084 3.3124720 2.6496374 8.9999988 9.0000000 9.0000000 2.0371417 2.3862429 2.9212861 9.0000000 2.7186807 3.3059238 3.2207950 2.5544929 1.8784977 2.7216153 9.0000000 9.0000000 2.4765745 3.0514103 3.6061140 3.3798666 9.0000000 9.0000000 2.4135870 2.5318654 9.0000000 1.9685220 9.0000000 1.8379850 1.8991345 9.0000000 2.1201044 2.8202473 2.7269420 2.9170729 2.1428554 3.1042768 4.0472543 3.1449315 3.8144399 2.6211533 2.1813205 2.1201619 2.1936434 1.9486507 2.4438635 1.9384657 6.2494392 2.4525820 1.8641840 1.4903578 2.8162265 1.9685220 3.2643892 9.0000000 2.7118312 2.3284195 3.9211744 8.9999981 2.8761708 1.7546264 2.8621605 2.2115166 2.3894877 3.0857613 2.8798979 2.6202697 2.6570170 2.1232941 3.2709105 9.0000000 2.7305077 2.0619764 
NZ_JOKG01000014.1    3.0233346 2.3387961 1.6834618 1.8654919 4.6728974 1.7436538 1.8163106 3.7985004 2.0762412 1.0244046 0.0000000 1.9336803 2.5476032 1.4175343 1.5304823 9.0000000 2.4493901 2.3925673 1.3471040 1.4020713 2.4205175 2.7690871 1.6780755 1.7863227 1.4404039 3.1818121 1.8476321 1.3265280 0.9993231 1.6782477 2.1827107 1.7353583 2.6079061 1.5499776 2.3280863 2.3666762 0.0000010 2.3721322 3.6239733 4.4483195 1.2604894 2.1270134 1.5016900 1.7131278 2.9289849 2.5772118 2.6298579 9.0000000 2.4196523 2.7344849 9.0000000 2.4755973 2.3182241 2.8294203 2.8403765 2.6311333 2.1781961 1.2942596 2.2931500 2.8944192 2.1563319 3.1907657 1.6136810 2.7650603 4.2268371 2.9478805 3.1806079 1.6776016 2.0325899 2.6505261 1.2779441 2.2343609 1.6297451 1.5719550 2.3832940 1.6512290 2.3077022 2.1812977 2.1810458 1.4007873 2.2962585 2.4503863 3.0849858 2.6335972 2.2936223 2.7883941 1.2216320 1.4176563 1.2322369 1.9056917 1.2608103 3.7021742 2.2970184 1.0078694 0.9993231 1.2189960 1.2779441 2.6367899 3.9845423 2.7392213 1.6701288 2.9107818 5.1057106 2.0157271 1.1856200 2.1956806 1.3932363 1.2531003 2.2853230 2.5413329 2.3618165 2.7443002 1.0007111 4.1967822 3.1009436 2.1575889 1.5912558 
NZ_JAHHPS010000678.1 2.1653406 2.7267744 2.2335838 2.4275370 3.2535411 3.1538172 9.0000000 3.1408410 3.2649533 2.2461037 1.9336803 0.0000000 1.8765856 2.2667920 2.9301808 2.9110158 2.1654864 2.4119822 2.3673523 2.7662775 2.5505672 1.6396999 2.8168382 2.7743256 2.2989967 1.9733928 3.2629240 2.8025099 2.9849393 2.9658259 9.0000000 3.0062239 3.9947027 2.0881953 3.1404170 2.6318321 1.9336803 2.5951703 2.3445451 2.5449736 3.0252756 2.6264393 2.4270198 0.8827002 2.6970214 2.7476294 2.2223147 4.8216651 2.3370504 1.9416959 2.7621558 2.5590135 2.6971724 2.3558257 9.0000000 2.1519358 2.0603947 2.9567426 1.8530389 2.6621380 9.0000000 2.8820802 2.2673722 1.5869090 3.0493325 2.8097921 1.5814770 0.8801754 1.9831807 2.3277273 2.5272698 2.4779358 2.7290491 3.3875688 5.0450484 0.9144086 1.7827379 2.4968665 2.1458544 2.3447221 2.5769460 2.2658079 2.1739757 2.2192515 2.3087190 2.4086487 9.0000000 9.0000000 4.0727036 2.0184258 2.6568017 2.6551195 1.7485617 2.8769980 2.9849393 9.0000000 2.5272698 3.0459444 9.0000000 1.4769690 0.9107631 1.9697754 9.0000000 3.0318007 2.7929012 2.6683858 4.6468324 2.4233647 2.2176979 2.7543553 2.6924559 2.2109358 4.1316183 2.5290976 2.3753625 3.6711001 2.3010529 
NZ_JAGRPU010000138.1 1.6741431 9.0000000 9.0000000 9.0000000 1.9237927 1.9090424 3.0339717 2.5451700 9.0000000 2.6294533 2.5476032 1.8765856 0.0000000 2.6990016 2.8258942 1.7367788 0.1085537 1.0710124 3.6124864 1.6454726 2.3555811 2.2017979 9.0000000 3.4557756 2.7353545 0.1086835 1.9335028 9.0000000 2.3237411 2.6211408 9.0000000 9.0000000 1.6714247 2.4948937 1.4091263 2.2312526 2.5476032 9.0000000 1.3630265 1.0979042 3.1253941 2.9822152 1.6815918 1.5837290 2.1023109 1.8855383 1.6320794 2.2967077 2.3941817 0.1763720 1.7833371 9.0000000 1.6483491 2.2258167 9.0000000 2.1968534 3.1376792 2.9891840 3.1407878 9.0000000 8.9999989 2.8033269 9.0000000 2.3370375 9.0000000 1.9018446 2.2110633 1.5524248 1.5085774 1.9800470 2.1328566 2.3136479 1.6608546 3.5924169 2.9499141 1.3773599 1.7286485 2.5435809 1.6463742 2.6297613 2.2654096 1.7221213 2.4908783 1.7723580 2.0990990 1.9022410 2.7780236 1.7661108 2.6670919 1.3660412 4.0233145 1.8780333 3.1936593 2.0651550 2.3237411 4.5859831 2.1328566 1.8996080 2.4710265 2.0202703 1.5547328 1.7677680 2.2622024 2.6893893 4.3888057 4.3925810 3.9548703 9.0000000 1.2162016 9.0000000 1.9867963 2.2638784 9.0000000 1.4486659 2.3180228 3.0562538 2.3963903 
NZ_JAHHPN010000994.1 5.2484066 2.4930890 1.8986795 2.2061388 2.7586111 1.8008806 2.0722068 9.0000000 2.2806238 2.3095718 1.4175343 2.2667920 2.6990016 0.0000000 1.7990231 3.1406227 2.8400217 3.0251118 1.7133477 1.6308443 3.3587252 4.5807800 2.3090416 2.3788044 2.1340959 9.0000000 2.2322060 2.4581748 1.2787637 2.1669866 2.5372681 2.4296216 9.0000000 1.9589936 4.2930377 2.6863158 1.4175343 3.2022528 2.9778222 4.0384261 2.0417715 3.1102147 2.1648808 2.0059219 4.2005853 3.6256301 2.9029585 3.0464585 2.4821448 3.3495563 2.8983038 3.0413203 2.6312500 2.6695912 3.0508336 2.8082828 2.7987434 2.4548044 9.0000000 2.4051168 2.9976448 2.3928349 1.8710020 9.0000000 3.0489561 9.0000000 3.8625924 2.2376115 2.6231014 2.5943535 1.2274883 4.3224821 1.9209357 1.7395330 3.9210413 1.9554008 2.2505064 2.9738886 5.1807206 2.0435398 2.2363421 9.0000000 2.3961017 2.5473848 3.2539853 3.0346124 1.9715215 1.3734995 2.2487622 2.2971620 2.2113611 9.0000000 2.1206483 2.0348467 1.2787637 2.5536816 1.2274883 2.6106321 3.3993254 3.1392802 1.9633983 2.4483344 2.6000336 2.4932746 2.0611381 5.0273951 1.8849233 2.0904949 2.4033402 2.3859167 2.5152961 2.7548773 2.2337851 3.0893341 2.8371368 2.1584962 2.0258546 
NZ_JAHHPS010000687.1 9.0000000 2.6702422 2.3140302 2.4782036 2.1738924 2.1034536 1.9224058 2.4406727 1.9616138 2.2349122 1.5304823 2.9301808 2.8258942 1.7990231 0.0000000 9.0000000 2.7336230 3.4761118 2.4984779 2.1954076 3.4140040 4.2398989 2.3795839 2.1999598 2.4972130 2.9840429 2.7722556 2.5146591 1.2627507 2.3567776 2.7167682 1.8555646 2.9426361 2.0129233 9.0000000 2.6040373 1.5304823 2.4973859 2.9030827 4.5934549 2.0066038 5.4242748 2.4137969 3.2091850 4.3661143 2.0898661 3.2717639 3.4752307 2.7445919 2.8738822 2.6665985 3.1090025 3.7322161 2.9642353 2.3047019 4.2301078 9.0000000 1.9048439 5.6316877 4.1247433 2.6346556 4.0543798 2.3193889 9.0000000 5.1719559 4.5811224 3.6221274 3.0576810 2.3471402 2.4283571 1.3436685 3.7161216 1.8823028 1.9990155 9.0000000 3.3437582 2.7137186 3.0633763 2.7719037 2.2343417 4.0584456 2.8949632 2.5551031 2.0351102 3.0475098 2.6208472 1.8316896 1.7493327 1.9276627 2.2016616 2.2714857 4.9039954 4.5707391 2.2221276 1.2627507 2.7075441 1.3436685 2.7611250 2.8899566 9.0000000 2.8783757 3.5706618 9.0000000 2.4882289 1.7691754 9.0000000 1.9718403 2.2904738 9.0000000 2.7831137 3.0646837 3.3464907 2.3226394 5.6651621 2.5268617 2.6534293 2.2610978 
NZ_JAHHPR010000801.1 1.0879884 2.5880316 3.2010781 3.5852323 2.1583091 1.9540375 9.0000000 2.1716822 8.9999988 3.3335907 9.0000000 2.9110158 1.7367788 3.1406227 9.0000000 0.0000000 1.8242307 2.1425688 8.9999983 2.5892457 1.8187967 2.4761047 3.0418731 2.6836156 4.5640443 1.9259814 2.8959566 3.3008974 3.2037913 3.4833509 9.0000000 3.3578413 2.3724886 3.8201110 2.0855377 2.3291105 9.0000000 1.4716440 2.1827673 2.7796449 9.0000000 9.0000000 9.0000000 1.9429654 2.3202519 2.9689650 2.2872849 0.9732178 2.8434874 1.9021512 1.9624127 2.7853399 2.7935311 2.1253906 9.0000000 1.9668285 3.6673703 2.7997439 2.5529092 1.9387707 2.5897314 1.8008209 9.0000000 2.4273922 2.8482610 1.2043221 3.7118853 1.9298174 1.6343711 3.4239820 3.0851143 2.6397119 4.3908356 9.0000000 2.3339352 2.2000748 2.8823629 1.6783601 2.0496810 9.0000000 2.2015388 2.1913121 2.1663483 9.0000000 2.5480382 2.4248049 3.3646567 2.3666010 8.9999984 1.6662764 9.0000000 2.6833261 2.5619800 3.7144263 3.2037913 2.6097592 3.0851143 1.9693224 1.7631878 2.9610419 2.0172770 9.0000000 2.1355925 8.9999987 9.0000000 2.3393008 3.9161178 4.3166024 3.4022421 9.0000000 2.1070446 1.9319203 4.5009468 4.7582185 2.7029158 9.0000000 2.1474023 
NZ_JAGRPU010000136.1 1.5717671 3.8263562 2.9183631 3.1778148 1.8644323 2.2988895 9.0000000 2.1994485 4.6077212 2.3036604 2.4493901 2.1654864 0.1085537 2.8400217 2.7336230 1.8242307 0.0000000 1.3180512 3.0851356 1.9673708 1.8388629 2.0264960 3.8609896 2.9536817 2.8523422 0.1369873 2.5609960 4.0089553 2.2712469 2.4045311 8.9999986 6.0821009 2.2400523 5.1020246 1.5689699 2.5500354 2.4493901 2.9738019 1.5529681 1.0858992 2.1260187 2.3577624 1.9684600 1.5423413 2.3526194 2.6892594 1.9103403 2.2752023 1.8951229 0.1230166 1.7614554 3.7085742 1.4296242 1.9149686 2.7756463 2.8080817 4.4218959 2.6422541 9.0000000 1.7470785 3.0618483 2.2741264 3.1777703 2.1452595 2.3366520 1.8995219 1.9785842 1.5635756 1.5857437 2.6600583 2.7347472 2.3824012 1.9572342 4.4534004 3.0489214 1.4307620 2.1885972 3.1151601 2.2736318 5.8595917 2.2723215 1.5589920 1.9611095 1.9999769 1.9276573 1.7201185 4.6858697 2.3469643 2.2830817 1.6362168 9.0000000 2.0329076 2.3840968 2.5728234 2.2712469 9.0000000 2.7347472 1.7595952 1.6163221 1.8569165 1.5438673 1.7958131 2.4002994 3.3094980 4.3868289 2.4649979 4.5475425 3.4181981 1.1015152 9.0000000 1.9759917 2.5590270 3.5678732 1.3674223 2.2717170 2.8047669 3.6591796 
NZ_JAHHPQ010000821.1 1.4634773 2.9856154 2.3671647 9.0000000 2.0217459 1.5073789 2.9846102 2.2129091 3.1557602 3.9381045 2.3925673 2.4119822 1.0710124 3.0251118 3.4761118 2.1425688 1.3180512 0.0000000 2.4644456 9.0000000 1.8702498 2.1063254 4.3328882 9.0000000 3.0717433 1.3035389 2.6705509 2.8025723 2.5548316 9.0000000 8.9999985 9.0000000 1.9548496 3.2798563 1.8150320 1.8446854 2.3925673 2.2226866 2.1429167 2.1578029 2.9764018 2.4906499 2.9199071 2.1608492 2.2532937 2.7815167 1.9923987 3.2709043 2.8229662 1.5056941 1.8413233 4.4662957 1.8214796 2.2633361 2.6517890 2.0079651 4.6902272 4.0847105 2.4675261 2.0863199 3.3249751 1.8735743 2.6225525 9.0000000 9.0000000 2.1401259 5.0474309 2.0596725 1.5859203 2.0378865 3.1252789 3.2470912 3.7460891 9.0000000 3.8843711 2.0698344 2.3139044 2.4480276 2.1012015 3.0768408 1.8967057 1.5969602 1.9747277 1.9696599 2.2201287 1.8265064 9.0000000 1.9564092 2.9077077 1.3528576 4.3298312 1.7579536 2.5413638 2.4815332 2.5548316 3.6110993 3.1252789 1.8122072 2.1991680 3.4067228 2.2266992 2.1511330 2.0306998 8.9999987 2.4613669 3.4814870 3.2614952 3.8243434 1.8117177 3.7397522 1.6703718 2.1883162 9.0000000 1.7016009 2.5528008 3.6538687 2.6745361 
NZ_JAHHPM010000592.1 3.3284980 2.9420796 2.3120533 2.7299236 3.7219691 2.2150715 2.7528343 8.9999989 8.9999989 2.6140278 1.3471040 2.3673523 3.6124864 1.7133477 2.4984779 8.9999983 3.0851356 2.4644456 0.0000000 1.8878979 2.4511682 2.0091808 2.3359374 3.3681926 2.0490739 3.2901527 0.9160128 3.4239613 1.7347057 2.5510214 8.9999986 2.5819611 3.1500592 1.8317869 2.2436037 2.5347844 1.3471040 3.1924105 3.0737255 3.7844785 1.9542480 2.5217923 1.7009394 2.1764103 2.4370952 2.8886672 2.8708405 3.9714407 4.1541450 3.0866482 2.3351550 2.5507751 3.7710788 2.6456834 2.2952136 2.7142831 2.7279955 2.7494421 2.7616311 4.8890629 3.1442165 2.7062794 2.4744225 2.4839305 2.6618077 3.7817485 2.5995838 2.0894096 3.0044723 2.0666574 2.0257329 2.2513702 2.2045445 2.5351256 3.6544814 2.1524987 2.6686194 2.9351531 2.8161844 2.3131783 2.6092288 3.7106758 2.1969319 2.4608310 2.8390506 2.6038880 2.4145497 1.9201310 2.2842256 2.7928261 2.7122328 3.1048680 2.8843951 2.3896447 1.7347057 0.9377716 2.0257329 2.8450834 2.8700792 9.0000000 2.1326321 3.3194711 3.0352107 2.8223267 2.3105904 9.0000000 2.5614982 2.2144480 2.9203169 2.9701263 4.0826017 2.6331988 1.9800685 4.1610290 3.0031999 2.7498408 1.5646888 
NZ_JAHHPR010000805.1 1.8208936 2.4928005 2.3307871 3.0027688 1.8643650 1.4693180 2.2932752 2.2160500 1.7333393 1.7269534 1.4020713 2.7662775 1.6454726 1.6308443 2.1954076 2.5892457 1.9673708 9.0000000 1.8878979 0.0000000 2.7904638 2.1286471 1.8251084 2.9231401 1.7692069 1.9449972 1.7050500 2.4003357 1.1837990 2.6925652 9.0000000 1.9741326 2.9253675 1.8193801 4.9136688 9.0000000 1.4020713 2.5032074 1.9123654 4.2952274 2.2213376 9.0000000 1.2226911 1.8935884 3.8403442 3.2182309 2.7091643 3.4350782 9.0000000 1.9900780 2.6356607 3.3405887 2.3941175 3.2944017 1.8475736 2.9725919 9.0000000 1.9297820 2.9753531 4.1599468 1.9642581 4.8298146 2.3974143 2.3976362 9.0000000 2.4864671 3.2745235 1.9633552 2.4683723 2.7338706 1.3742331 2.8583896 1.9057113 1.8149811 9.0000000 1.6381192 3.1929743 2.4015657 3.4619910 2.0977549 2.7500062 3.7907015 3.0457657 9.0000000 2.6400477 2.2629433 2.3517282 1.4727180 2.2067338 2.8117851 2.0658919 8.9999987 2.2515656 2.1444155 1.1837990 1.7534719 1.3742331 2.5377954 2.7046708 3.1360056 1.8456669 2.9567482 9.0000000 2.3856262 2.0431662 9.0000000 1.6142196 2.2790456 2.0118581 2.0713778 2.6850711 2.3480725 2.0800533 3.1863180 9.0000000 2.1728379 1.5145716 
NZ_JAGHQT010000036.1 1.6129263 4.3360931 2.6705003 3.8869361 2.3914741 2.2990441 9.0000000 1.9599168 2.2962113 3.9643971 2.4205175 2.5505672 2.3555811 3.3587252 3.4140040 1.8187967 1.8388629 1.8702498 2.4511682 2.7904638 0.0000000 2.3043098 2.6685602 9.0000000 3.0381803 2.1248431 2.6363861 2.9776700 2.4468721 4.1563305 8.9999982 2.9556812 1.5979901 2.3880210 1.8668655 1.6366336 2.4205175 2.2742099 1.9138499 2.7738584 2.9440336 3.2375987 5.9499382 2.1971071 1.8971432 8.9999989 2.1360556 2.4500282 3.0264162 1.9948048 2.0599443 2.4389593 2.4725252 2.3386540 9.0000000 1.6565769 2.5461584 3.1270087 2.3232931 1.9681575 4.4912132 2.2397561 1.9647865 3.5019508 2.3032076 1.4953564 2.8089211 2.0939832 1.4732161 3.3226841 2.8936553 2.8742175 2.7247968 3.2098546 3.3300941 2.1862542 1.7714229 1.9917996 2.0720443 2.6075681 2.5956891 1.6873635 3.1192091 2.1538180 2.4133425 1.7690567 2.2388375 3.3471463 3.4860931 1.4273908 3.1307906 2.2174764 2.6376802 3.5840630 2.4468721 2.6536766 2.8936553 1.8712953 1.8143429 3.1678014 2.1103830 2.9819597 2.4756833 3.3205649 2.7808244 4.8630037 8.9999982 3.5713792 2.1092906 3.1019245 1.8187074 2.3865809 2.4539696 1.8874040 2.3768108 3.2033693 2.7395421 
NZ_SAUT01000289.1    1.9695879 8.9999987 3.7714660 2.8771579 2.9496830 2.1614894 2.7090601 2.0373713 3.3872668 2.7002255 2.7690871 1.6396999 2.2017979 4.5807800 4.2398989 2.4761047 2.0264960 2.1063254 2.0091808 2.1286471 2.3043098 0.0000000 3.4939561 3.0936712 2.3620039 1.9133839 8.9999982 3.8507208 2.5742005 3.1075416 3.1371644 5.2657754 2.8111410 2.0681619 2.4850548 2.4918409 2.7690871 2.2307425 3.0182785 2.3872202 2.2755916 9.0000000 2.0687470 0.9188698 2.6501993 1.9685686 2.3002062 2.3656044 2.1986682 2.0680770 1.7948024 2.3648341 2.6931705 2.6724302 3.6771322 2.1801449 1.8589524 3.3451345 1.9762208 2.0658112 2.3827155 2.3126051 2.9125476 1.6636487 3.2525805 2.5048457 1.8053799 0.9191654 1.9343041 2.7491277 3.1107904 2.6153235 2.6814606 3.9817032 2.4920638 0.9149103 1.7438729 2.7361793 2.1680180 9.0000000 2.7663902 1.8482668 2.1723377 1.9955311 2.2690104 1.9864684 4.6147085 9.0000000 2.1914073 1.9778549 2.4235548 3.0492665 1.9322196 2.2149622 2.5742005 2.7504994 3.1107904 1.9840692 2.6839795 1.7490619 0.9022133 2.9408623 1.7261029 3.0552803 2.8073109 3.2179941 9.0000000 2.6630921 1.9881710 3.4691940 2.6504614 2.1767094 3.7796261 2.3938003 2.3350856 2.2852671 2.3811869 
NZ_JAHHPM010000598.1 9.0000000 3.3534756 2.8350793 2.9196648 4.0816046 2.3777381 1.8882165 9.0000000 2.5654069 2.2406293 1.6780755 2.8168382 9.0000000 2.3090416 2.3795839 3.0418731 3.8609896 4.3328882 2.3359374 1.8251084 2.6685602 3.4939561 0.0000000 2.8024452 1.8629850 9.0000000 3.2361823 2.9309201 1.0648111 2.6678536 2.6587686 1.9563396 4.0072442 2.4126942 8.9999982 4.5388782 1.6780755 2.5974056 9.0000000 3.9655175 2.1126716 3.3637552 2.1769856 2.1436597 9.0000000 2.5867086 2.3822383 8.2633880 2.4703886 3.5248241 8.8709104 2.6517510 9.0000000 3.1336210 3.0854714 9.0000000 2.7592299 2.1752790 3.1509608 9.0000000 3.3840114 9.0000000 2.6204247 2.9855972 3.3777063 3.5355705 3.2800416 2.1434550 3.2890306 2.6057919 1.9533101 2.3852576 2.0985978 1.9376543 2.9409274 1.9906721 3.6120058 3.5820124 3.4133887 2.1680975 3.6634206 4.4604590 3.6825504 3.1383342 4.7188514 3.2858099 2.0327472 1.8069646 2.1056004 3.4460223 2.0906695 3.2298930 2.7602407 2.1382270 1.0648111 2.3305309 1.9533101 8.9999986 3.7334333 3.4633609 1.9673632 2.5636381 9.0000000 0.8739426 2.1379750 2.8605230 2.2538911 2.3318895 2.8279948 3.2085621 2.4629040 9.0000000 2.1506558 2.8527535 3.2033158 2.4875660 3.3235376 
NZ_JAHHPR010000804.1 3.0337044 1.6856285 1.4619561 1.7428625 3.1120013 1.9626298 2.8337655 2.8077939 3.2127201 2.2482038 1.7863227 2.7743256 3.4557756 2.3788044 2.1999598 2.6836156 2.9536817 9.0000000 3.3681926 2.9231401 9.0000000 3.0936712 2.8024452 0.0000000 2.8040606 2.6028742 3.1739593 2.6477635 1.8333900 0.9831263 1.5567629 2.5172232 4.0305448 2.7750501 3.4815028 9.0000000 1.7863227 2.3075205 9.0000000 3.0263962 2.3137149 6.1323574 2.6822139 2.3365010 9.0000000 2.9267468 9.0000000 3.9949990 9.0000000 3.1259982 2.6785982 3.5034137 3.2285995 4.2464756 3.5774766 9.0000000 3.6452544 2.4883595 2.8734246 2.8576040 2.2972417 9.0000000 1.5439764 2.7564092 3.9386826 2.6566413 2.8827329 2.4140257 2.6472935 2.8317726 2.0419242 2.7877171 2.2745914 2.7227972 2.7452710 2.2223096 3.7896741 2.7351354 2.8522326 2.0372057 3.8805499 2.1509038 2.7872376 3.5955496 3.1056969 2.9413199 2.5435688 2.4400969 2.1251968 2.7756770 2.4804436 9.0000000 2.9795215 2.2300351 1.8333900 3.3885773 2.0419242 9.0000000 2.4472153 2.6701736 2.6156728 3.3922925 2.8089472 2.9679906 2.1345283 3.1196613 2.4609140 2.5866308 3.8893845 2.1755370 2.6501401 9.0000000 2.4880446 8.9999982 2.8064692 1.4765044 2.3509040 
NZ_JAHHPO010001213.1 5.0073324 2.4487074 2.2206641 2.6769799 9.0000000 2.5125909 2.1809807 2.3945620 2.6199826 1.8842870 1.4404039 2.2989967 2.7353545 2.1340959 2.4972130 4.5640443 2.8523422 3.0717433 2.0490739 1.7692069 3.0381803 2.3620039 1.8629850 2.8040606 0.0000000 2.9292763 2.2850311 2.3710979 1.2448278 2.1632499 2.6113885 1.9527244 2.6874022 2.1791911 3.1463392 2.7994001 1.4404039 2.4645015 3.9630906 3.3054727 1.6942530 2.4372768 1.7939880 2.3845641 9.0000000 2.7005280 2.1176063 9.0000000 2.6220969 2.7172009 2.8263808 2.7982185 3.2569497 2.4491353 3.4522066 2.8077497 3.8797238 2.1370126 2.5256848 4.2317408 3.1943424 3.6963051 2.3944592 2.3692317 2.9402653 3.7694781 2.9012498 2.5825739 2.9219447 2.7476917 1.4526850 4.0929045 1.9702094 2.2961745 2.6240114 2.2617274 2.4570094 2.4877291 2.4898249 1.7992349 2.5198178 2.8312788 2.3849219 2.8610220 3.1262352 2.5500272 2.4952691 2.0438479 2.2648324 2.3851869 2.1553701 9.0000000 2.3348499 2.0556211 1.2448278 2.0446760 1.4526850 8.9999983 3.1491854 9.0000000 2.6650574 2.8805915 3.1636721 1.8248635 1.8465232 2.5638657 1.9113981 2.1167080 3.8632636 4.2238493 3.7229092 3.7865670 2.2065697 9.0000000 3.5940749 2.7288801 2.1071188 
NZ_JAGRPU010000134.1 1.6966254 3.5211293 4.4147931 3.2077196 1.9000562 2.7795178 4.1941713 2.7632426 2.7924819 2.2483242 3.1818121 1.9733928 0.1086835 9.0000000 2.9840429 1.9259814 0.1369873 1.3035389 3.2901527 1.9449972 2.1248431 1.9133839 9.0000000 2.6028742 2.9292763 0.0000000 2.8216765 9.0000000 2.4281285 2.5668729 8.9999983 4.0392649 2.1877563 3.4527709 1.7459388 2.5856621 3.1818121 2.4988464 1.4225164 1.2014423 2.2306609 2.8589869 1.7852070 1.5419238 2.1108376 2.0192661 2.1258681 2.4805742 2.2098352 0.1358041 1.8231027 3.3732331 1.5942327 1.9244247 2.3673846 2.4696440 9.0000000 2.4605381 2.7669236 1.9249296 2.5927147 2.6851984 3.3432996 1.9835231 2.4216699 1.8009120 1.8524939 1.5576112 1.6834777 2.6848863 2.7914577 2.4798622 1.7941956 3.0225283 4.0311508 1.4501515 1.9300536 2.8247821 2.5073477 3.7122356 2.5415522 1.7531371 2.1015936 1.9000922 1.9377873 1.6413973 9.0000000 1.9551938 2.4767506 1.7160008 9.0000000 2.1948161 2.7422829 2.7751346 2.4281285 9.0000000 2.7914577 1.9332377 1.8808497 2.0959332 1.5584367 1.9942994 2.1786237 9.0000000 9.0000000 2.7232881 4.0001117 4.0026265 1.1097991 9.0000000 2.2057528 2.2859945 4.4742274 1.3369920 2.4134874 2.6098328 2.9136294 
NZ_SAUT01000286.1    3.2920943 8.9999989 2.7280176 2.9833242 3.3830930 3.5101365 3.0703308 2.7992329 5.5236225 2.3094039 1.8476321 3.2629240 1.9335028 2.2322060 2.7722556 2.8959566 2.5609960 2.6705509 0.9160128 1.7050500 2.6363861 8.9999982 3.2361823 3.1739593 2.2850311 2.8216765 0.0000000 2.2171531 2.0943846 2.6012447 3.5775020 2.8825924 2.3013774 1.6323195 2.2057256 3.2422657 1.8476321 2.4163762 3.0482931 2.1624832 2.1304222 9.0000000 1.5397903 1.9792987 2.7733086 2.7509231 3.5336024 2.9456741 9.0000000 3.0439747 2.6715302 2.7358125 2.6496508 3.6694827 9.0000000 2.7970282 2.3586517 2.7238099 2.1663494 4.2536870 2.1345796 4.5478519 2.3461742 2.6429985 2.1658775 3.1724679 2.4419649 1.9300869 2.4695417 2.6619230 2.3532077 1.9332547 2.4771528 2.4665197 3.3126049 1.8591116 3.4742738 2.9786918 2.8308558 3.3072030 2.8522588 2.4668415 5.0988116 2.4654589 2.7047342 2.5450822 2.2461101 1.7504005 2.7979848 2.9293873 2.2159878 8.1628110 2.8990551 2.3327285 2.0943846 1.3938221 2.3532077 2.0697980 2.3109956 2.8816863 1.8764962 9.0000000 3.1040761 2.7028956 2.2354579 3.9410552 3.4294026 2.7571254 3.7856095 3.4545514 2.5475721 3.4693207 2.1508896 3.0338974 4.0398613 9.0000000 1.2904113 
NZ_JAGHQT010000031.1 5.7705274 8.9999989 3.0688454 2.8602685 9.0000000 2.2494057 2.9625436 4.3433507 3.5100116 2.1194792 1.3265280 2.8025099 9.0000000 2.4581748 2.5146591 3.3008974 4.0089553 2.8025723 3.4239613 2.4003357 2.9776700 3.8507208 2.9309201 2.6477635 2.3710979 9.0000000 2.2171531 0.0000000 2.1575514 2.3657910 3.4924624 2.4982145 2.9380893 9.0000000 2.4839097 2.6865691 1.3265280 3.1588817 5.5721642 9.0000000 2.4292876 9.0000000 2.3950188 2.8160398 4.8216447 9.0000000 9.0000000 5.0953761 3.3977057 3.2887614 9.0000000 3.7809788 3.4876903 2.9563553 3.1854075 9.0000000 5.6251389 2.2873094 9.0000000 2.6845316 4.6532690 2.5811951 4.8784608 9.0000000 3.2864824 2.9869186 4.0206143 3.0160179 5.5547849 9.0000000 2.2636076 9.0000000 2.6678491 2.5771526 9.0000000 3.2013627 3.6576218 9.0000000 3.2003033 2.6387913 2.6327025 5.0265673 4.0468265 5.4178538 9.0000000 3.1048974 2.2018666 2.7548905 2.2777688 3.1384298 2.3230175 9.0000000 2.8538032 0.9400332 2.1575514 2.4734541 2.2636076 2.9564040 3.2289615 9.0000000 3.0481116 9.0000000 2.2277618 3.6654438 2.3123865 3.3736009 2.3164670 2.3117090 2.6931679 2.8552796 9.0000000 9.0000000 2.0345555 9.0000000 3.3553718 3.7728998 2.2434430 
JOKG01000013.1       3.4722817 2.2146361 1.9111296 1.8669107 3.0769445 1.8141236 0.9302053 9.0000000 1.4329973 1.4903578 0.9993231 2.9849393 2.3237411 1.2787637 1.2627507 3.2037913 2.2712469 2.5548316 1.7347057 1.1837990 2.4468721 2.5742005 1.0648111 1.8333900 1.2448278 2.4281285 2.0943846 2.1575514 0.0000000 1.6748701 2.3444796 1.0740078 2.2009298 1.4348085 3.3298932 2.2730864 0.9993231 2.0206407 3.3848890 3.6866739 1.2357805 2.9697422 1.5407938 1.7683501 9.0000000 2.2337308 2.6610031 9.0000000 2.5594120 2.0685117 2.9071768 2.1529056 3.6626546 2.6367319 2.1222178 3.4204282 2.5224631 1.3586139 2.5597247 2.3721348 2.5834011 3.3688366 1.8840506 2.4950144 2.7393034 2.8707934 2.5989213 1.7736586 2.4016761 2.9288742 1.0490114 2.5775634 1.1338297 1.2186560 2.5308379 1.7502034 2.9130294 2.4538824 3.1221548 1.1596357 2.2693760 2.6789557 2.9513530 2.3336557 2.8094194 3.1752069 1.4467656 1.3201443 1.2555701 2.3568883 1.2821285 3.0512865 2.4160002 1.6226531 0.0000010 1.7018823 1.0490114 2.7369851 4.2066275 2.6307475 1.8569767 2.3221120 3.2890864 1.2238614 1.2557407 2.4420835 1.4831321 1.3864158 2.4757719 2.5111226 3.1914989 2.8285417 1.6787008 9.0000000 2.7518292 2.0840170 1.6072387 
NZ_JAHHPR010000798.1 8.9999982 0.8889757 1.1694531 1.5355662 9.0000000 1.8128966 2.4474814 2.6163119 4.1044047 2.2842983 1.6782477 2.9658259 2.6211408 2.1669866 2.3567776 3.4833509 2.4045311 9.0000000 2.5510214 2.6925652 4.1563305 3.1075416 2.6678536 0.9831263 2.1632499 2.5668729 2.6012447 2.3657910 1.6748701 0.0000000 0.8598300 2.5768421 3.7786074 2.7304940 8.9999989 3.2711500 1.6782477 2.4421562 9.0000000 9.0000000 2.4248382 4.4915240 2.9578311 2.0522746 2.7970288 9.0000000 3.8505562 3.8707262 4.2561054 2.3995996 4.7523787 3.2620256 4.0268301 2.7990837 3.6652801 2.7158333 3.6282325 2.0157102 3.6495478 2.5962197 3.1552485 3.9032063 1.2785836 2.3557770 9.0000000 3.2612984 2.2376866 2.0161920 2.4061295 2.5231961 1.9175632 2.6877641 1.9839877 2.8316105 3.7640259 2.0833714 2.8170099 2.2128433 6.0283926 2.2103098 6.3126863 2.3424578 7.0359924 3.6283835 4.1512113 9.0000000 2.4586735 2.6846837 2.0829393 2.2944159 2.2108752 9.0000000 2.8800201 2.1666607 1.6748701 2.4427241 1.9175632 3.4697745 2.6625151 2.3959656 2.0278012 4.3716126 8.4485596 2.5681236 2.1375494 3.1586633 2.2259931 2.1739218 9.0000000 2.0539298 2.9134596 3.0665593 2.4542067 9.0000000 2.3429410 1.3889589 1.9608479 
NZ_JAHHPM010000601.1 9.0000000 1.4099331 1.7972614 1.8011758 2.8353211 2.2907565 2.9883956 3.6631341 3.0459992 2.9629968 2.1827107 9.0000000 9.0000000 2.5372681 2.7167682 9.0000000 8.9999986 8.9999985 8.9999986 9.0000000 8.9999982 3.1371644 2.6587686 1.5567629 2.6113885 8.9999983 3.5775020 3.4924624 2.3444796 0.8598300 0.0000000 9.0000000 6.2383353 2.5147134 3.3682145 9.0000000 2.1827107 2.7560326 9.0000000 9.0000000 2.6728090 9.0000000 2.6318946 3.8483758 9.0000000 4.8683534 9.0000000 9.0000000 9.0000000 2.4837964 2.6128677 3.7822671 9.0000000 6.0787767 9.0000000 9.0000000 3.1647826 2.3739138 9.0000000 3.3026989 2.6476777 4.4169950 1.9805770 3.2240989 3.1023078 5.2152149 2.9307154 3.4206596 3.3426378 3.0259800 2.5264025 9.0000000 2.4661689 2.8874929 9.0000000 2.7975306 2.3949870 2.4428563 9.0000000 2.4135514 3.2732765 2.8413827 2.8599171 3.2486732 4.0125005 9.0000000 2.4587320 2.4777387 3.5277937 3.0011557 2.9497558 3.1407591 9.0000000 3.5818853 2.3444796 2.5600942 2.5264025 9.0000000 2.8345157 4.2345835 4.4342955 9.0000000 9.0000000 2.9967305 3.2883293 4.0523369 2.3301156 2.5829416 3.7184596 2.3509770 3.5758304 4.2169784 2.8917790 3.3634999 2.0614991 2.0930988 1.8906058 
NZ_JAHHPQ010000818.1 3.1456732 3.0923639 3.1011842 3.6520663 9.0000000 9.0000000 1.9109343 3.1949517 0.3557242 2.2858367 1.7353583 3.0062239 9.0000000 2.4296216 1.8555646 3.3578413 6.0821009 9.0000000 2.5819611 1.9741326 2.9556812 5.2657754 1.9563396 2.5172232 1.9527244 4.0392649 2.8825924 2.4982145 1.0740078 2.5768421 9.0000000 0.0000000 2.9654658 1.7198420 3.9870823 2.8430720 1.7353583 2.1626766 9.0000000 3.6546984 2.0817773 2.6238368 2.6283905 3.3283345 2.7614579 1.3722572 2.3460429 9.0000000 2.9318704 3.0997912 4.2517804 3.0629766 4.3314427 3.4668857 1.5059606 3.4431368 9.0000000 2.0122007 3.0825455 3.1547119 2.9834884 9.0000000 2.6979000 2.8748526 2.7498775 2.9336829 6.8307529 3.7754302 4.3271364 9.0000000 1.5494324 2.7299825 1.8378469 2.2687631 2.6023487 2.9588481 2.7323282 2.2529128 3.5021671 2.0392506 2.6635318 2.5864110 2.5422005 9.0000000 3.0144476 3.4581093 2.1419216 2.1539727 2.4279188 3.5633936 1.8849698 9.0000000 3.2863977 2.6931633 1.0740078 2.2775417 1.5494324 9.0000000 3.1378860 2.4389226 3.2913440 9.0000000 3.5921402 2.3654709 1.9540676 2.2763989 1.9560031 2.3611506 3.2379655 3.5301080 2.9166955 3.9825089 2.4894853 9.0000000 4.1858983 2.3565180 2.0558390 
NZ_JAGHQT010000033.1 2.3956638 4.4492652 2.5829715 3.4866264 3.3017605 2.6382980 3.1006736 2.3041476 2.3240971 3.2633212 2.6079061 3.9947027 1.6714247 9.0000000 2.9426361 2.3724886 2.2400523 1.9548496 3.1500592 2.9253675 1.5979901 2.8111410 4.0072442 4.0305448 2.6874022 2.1877563 2.3013774 2.9380893 2.2009298 3.7786074 6.2383353 2.9654658 0.0000000 3.3296241 2.1751794 1.6425424 2.6079061 1.7979407 3.1846560 2.1637413 3.2241974 4.6097854 3.7868591 1.9886676 2.0625997 8.9999982 2.2622525 3.8658628 2.2550566 3.0694407 2.2952071 2.3129006 2.8599272 1.7601417 3.2660848 1.8797199 2.4300930 2.5061366 2.1701370 2.0448648 2.6862756 2.0495157 2.6198933 2.9098569 3.4353688 2.4639486 2.6754446 2.0377958 1.5503042 2.6785493 2.1418055 2.5308244 2.3537812 9.0000000 4.0116116 2.1872802 2.2071269 2.1184916 2.7124897 2.9825404 1.5069148 1.9169953 9.0000000 2.4888960 1.9335740 2.6983947 9.0000000 9.0000000 3.0932372 1.6714913 2.7812044 2.2175777 2.5780552 3.1274131 2.2009298 2.8325979 2.1418055 2.1677814 2.4506205 5.3621386 2.0862782 2.7656503 2.4288421 3.0147679 2.6095595 2.2186420 3.2106013 2.9223125 2.2617858 3.5287975 2.2748105 1.8596119 2.6978897 2.0951307 4.9384190 2.9989341 2.9092089 
